"p_val" "avg_log2FC" "pct.1" "pct.2" "p_val_adj"
"PASK" 1.34998596804136e-105 -1.35346517777976 0.995 0.09 2.69997193608272e-102
"MAGEH1" 4.16522017934046e-104 -1.04134685552169 0.991 0.093 8.33044035868091e-101
"CH25H" 3.44389475824429e-101 -1.09570025338396 0.802 0.048 6.88778951648858e-98
"APOL6" 4.25455885621752e-95 -1.34012925257287 1 0.11 8.50911771243505e-92
"SERPINE2" 1.47557396840479e-86 -1.33391139667074 0.908 0.095 2.95114793680957e-83
"G0S2" 3.12568329953886e-85 -1.20329082007075 0.783 0.06 6.25136659907771e-82
"PGAP1" 6.05150614071057e-76 -1.05905481575195 0.912 0.084 1.21030122814211e-72
"STRN4" 5.83948612760192e-75 1.10251257794398 0.184 0.014 1.16789722552038e-71
"PKIA" 2.06804852487834e-69 -1.12229183409956 0.793 0.062 4.13609704975667e-66
"VOPP1" 3.01287347889586e-68 -1.43258505961385 1 0.161 6.02574695779173e-65
"SP1" 1.29059626821903e-65 1.343282059315 0.203 0.032 2.58119253643805e-62
"TRAT1" 8.29988823992574e-64 -1.41797832745016 0.986 0.161 1.65997764798515e-60
"CD83" 1.2079913764032e-61 -1.63386656748509 1 0.174 2.41598275280641e-58
"RAP2B" 1.40560266690748e-59 -1.24839305555826 0.935 0.134 2.81120533381496e-56
"SF3B4" 1.51371316707239e-56 1.04584893267917 0.226 0.033 3.02742633414478e-53
"VDR" 1.94866882951003e-55 -1.42911868736489 0.935 0.143 3.89733765902007e-52
"RDH10" 1.97586109792221e-54 -1.76648343908076 0.908 0.146 3.95172219584442e-51
"PLIN2" 6.98944583539342e-51 -1.61454112445216 0.991 0.195 1.39788916707868e-47
"IL2RA" 1.03890110143133e-50 1.53358411783961 0.783 0.029 2.07780220286266e-47
"GLRX" 6.78108924520968e-49 1.2648763030285 0.788 0.038 1.35621784904194e-45
"HSPA1B" 3.13805129513899e-47 -2.20229528688151 1 0.211 6.27610259027798e-44
"KRTCAP2" 3.16529937564889e-45 1.53200006007025 0.258 0.014 6.33059875129778e-42
"TGIF1" 2.87570466310253e-42 -1.32152806089244 0.959 0.198 5.75140932620506e-39
"GEM" 8.35454936330108e-41 -1.9778904963137 1 0.23 1.67090987266022e-37
"SESN3" 1.2731966317371e-40 -1.57384062812012 0.963 0.206 2.54639326347421e-37
"HSPB1" 1.53920344087663e-40 -1.76830963907889 1 0.23 3.07840688175326e-37
"TMEM176A" 1.63092384656096e-40 1.31972670705391 0.194 0.002 3.26184769312191e-37
"SNX3" 4.86313433410186e-40 1.43579421361012 0.272 0.044 9.72626866820373e-37
"ARL2BP" 4.91864403966486e-40 1.19011838947698 0.272 0.039 9.83728807932973e-37
"SEC23B" 4.82736503674121e-39 1.011054033272 0.276 0.047 9.65473007348242e-36
"RPL12" 1.25032301193279e-37 -1.38987701054721 1 0.241 2.50064602386558e-34
"FOSB" 1.97909839148063e-37 -1.076723793661 1 0.242 3.95819678296126e-34
"RYBP" 2.71009073195742e-36 -1.67473740666899 0.991 0.241 5.42018146391484e-33
"SNX9" 8.89364863365325e-35 -1.49879223382016 0.991 0.245 1.77872972673065e-31
"GNG4" 3.34893522847208e-34 -2.10942262997249 0.839 0.165 6.69787045694416e-31
"ALOX5AP" 4.51365717153302e-34 -1.55031568629763 1 0.254 9.02731434306604e-31
"CCR2" 1.98234349018408e-29 1.33580778937501 0.29 0.015 3.96468698036817e-26
"IL7R" 2.64415908683187e-27 1.06536349607685 0.991 0.365 5.28831817366373e-24
"KDM4C" 2.94090402149754e-27 1.09370317403504 0.7 0.021 5.88180804299508e-24
"JUN" 1.79626904707093e-24 -1.39904381829576 0.977 0.278 3.59253809414187e-21
"CCL5" 1.12953236399379e-23 1.16308941605061 0.728 0.069 2.25906472798757e-20
"CXCR6" 2.12251867461523e-23 1.08156286139569 0.742 0.089 4.24503734923046e-20
"DUSP4" 1.99119196246502e-22 -2.29707739582442 1 0.74 3.98238392493003e-19
"MYO7A" 1.4318192063303e-18 -1.25783714313927 0.608 0.099 2.8636384126606e-15
"DNAJB1" 2.49027485147891e-18 -1.00273662069637 1 0.335 4.98054970295781e-15
"SPCS2" 8.12037145031548e-18 1.10784114807268 0.364 0.108 1.6240742900631e-14
"S100A6" 7.95539545349103e-17 1.51238787355323 0.779 0.211 1.59107909069821e-13
"ESYT1" 2.2905715667844e-15 1.01134772402734 0.378 0.083 4.5811431335688e-12
"CD200" 2.04775127643892e-14 -1.6149405237338 0.401 0.153 4.09550255287784e-11
"HSPH1" 1.96683442037589e-11 -1.28229487455996 1 0.371 3.93366884075177e-08
"FOXP3" 3.04689177788671e-09 1.31459170316455 0.599 0.015 6.09378355577342e-06
"NMB" 4.95230250386048e-08 -2.81216464610492 0.567 0.326 9.90460500772096e-05
"AHI1" 5.13546901253278e-06 -1.35977162566909 0.631 0.11 0.0102709380250656
"NR4A1" 6.02678648188556e-06 1.09069542730632 0.442 0.072 0.0120535729637711
"PGM2L1" 7.69675766012321e-06 -2.22885257676131 0.779 0.244 0.0153935153202464
"RBPJ" 9.61475491136597e-06 -1.26868348519397 0.995 0.427 0.0192295098227319
"ITM2A" 9.77643560065809e-05 -2.68829295903934 1 0.42 0.195528712013162
"BLK" 0.000589064236997541 1.03139938430309 0.456 0.011 1
"SLC7A4" 0.000739540134941258 1.40268560574615 0.558 0 1
"RGCC" 0.00421928129590653 -1.34076661123652 1 0.6 1
"CXCL13" 0.00990043572985645 -4.45427830205348 0.982 0.438 1
"PIM1" 0.0172494511038315 1.18554142239067 0.493 0.101 1
"LGALS1" 0.0555874262484586 1.53618674777869 0.479 0.033 1
"TOPORS" 0.0663917421129858 -1.02922739778705 0.59 0.096 1
"BASP1" 0.0868516742676275 -1.22620090222373 0.525 0.065 1
"BIRC3" 0.168259077554862 -1.0028587005731 1 0.511 1
"CRIP1" 0.247391113974911 1.1299194677572 0.488 0.02 1
"TMEM176B" 0.274456748298137 1.90040489887337 0.502 0 1
"IKZF2" 0.295614755055401 1.62596903876472 0.479 0.015 1
"FOXN2" 0.350534257836846 -1.08593523111439 0.535 0.099 1
"SPARC" 0.939665033360278 1.07586419485754 0.502 0.008 1
