"p_val" "avg_log2FC" "pct.1" "pct.2" "p_val_adj"
"TUBB" 6.97645358279976e-73 3.94150413497251 0.904 0.121 1.39529071655995e-69
"STMN1" 3.08925577658928e-60 2.97720684741217 0.872 0.133 6.17851155317856e-57
"TUBA1B" 7.69039562590439e-56 3.22587350625154 0.904 0.267 1.53807912518088e-52
"RRM2" 5.55019954487001e-50 3.06876936909051 0.536 0.019 1.110039908974e-46
"ASF1B" 3.84482496843786e-49 2.59271960706924 0.52 0.016 7.68964993687573e-46
"HMGB2" 2.13378641953172e-39 2.55885046514593 0.808 0.247 4.26757283906344e-36
"TOP2A" 7.2586692572912e-39 2.44666363596364 0.456 0.023 1.45173385145824e-35
"NUSAP1" 2.21431030144667e-38 2.52792916470595 0.496 0.037 4.42862060289333e-35
"TYMS" 8.54858442929397e-37 2.10110811109959 0.512 0.047 1.70971688585879e-33
"MYBL2" 3.45053949580873e-35 1.96504627410815 0.352 0.005 6.90107899161747e-32
"MKI67" 1.83784003089391e-31 2.31068039850858 0.44 0.04 3.67568006178781e-28
"AURKB" 7.57142808432249e-29 2.10495679207735 0.304 0.007 1.5142856168645e-25
"KIFC1" 1.70110388932352e-28 2.26907285637228 0.352 0.021 3.40220777864705e-25
"SMC2" 4.55267487751994e-27 1.69927960932292 0.36 0.026 9.10534975503987e-24
"ASPM" 9.37385919408626e-27 2.03244115166154 0.328 0.019 1.87477183881725e-23
"UBE2C" 6.35703368786639e-26 1.88379811931049 0.312 0.016 1.27140673757328e-22
"CENPM" 2.09360143550354e-25 1.53999409195111 0.392 0.042 4.18720287100709e-22
"TPX2" 4.63674665055755e-25 1.70622659913861 0.288 0.012 9.27349330111511e-22
"MCM7" 5.81850258006441e-25 1.64834130730107 0.488 0.084 1.16370051601288e-21
"CENPF" 1.58813612520815e-24 1.67007945673791 0.392 0.044 3.1762722504163e-21
"TK1" 3.25340330129412e-24 1.81785122281226 0.32 0.023 6.50680660258824e-21
"UBE2T" 1.3915343260841e-23 1.69898245325913 0.272 0.012 2.78306865216821e-20
"CCNA2" 9.7628182326932e-22 1.61502584886959 0.216 0.002 1.95256364653864e-18
"BIRC5" 2.14636528036837e-21 1.71006980781335 0.328 0.035 4.29273056073673e-18
"ZWINT" 6.50659490736783e-21 1.40345131953444 0.256 0.014 1.30131898147357e-17
"GTSE1" 6.79944003905987e-21 1.60727177457089 0.28 0.021 1.35988800781197e-17
"MAD2L1" 2.80329703065051e-20 1.3454518153502 0.232 0.009 5.60659406130101e-17
"DUT" 3.75517739798938e-20 1.41842123631008 0.488 0.107 7.51035479597875e-17
"CDK1" 4.50461685751027e-20 1.17668428620325 0.24 0.012 9.00923371502055e-17
"MXD3" 6.34435840021768e-20 1.54414468897399 0.208 0.005 1.26887168004354e-16
"LMNB1" 1.61779893315516e-19 1.23939211659699 0.336 0.042 3.23559786631033e-16
"NCAPG2" 6.9935837112423e-19 1.66185423304026 0.264 0.023 1.39871674224846e-15
"CENPE" 1.14204010846216e-18 1.40529491273282 0.216 0.009 2.28408021692432e-15
"CDCA8" 1.19180082818988e-18 1.53688610403612 0.216 0.009 2.38360165637976e-15
"TMPO" 2.08463487370098e-18 1.62626615891219 0.552 0.17 4.16926974740195e-15
"PCNA" 3.28029692686315e-18 1.3747128599765 0.536 0.147 6.5605938537263e-15
"UHRF1" 1.16417294208472e-17 1.23390421136155 0.24 0.019 2.32834588416944e-14
"RRM1" 1.99670064259305e-17 1.21413745651747 0.44 0.098 3.9934012851861e-14
"CENPW" 2.19036892204455e-16 1.46711269945877 0.184 0.007 4.38073784408909e-13
"MCM2" 2.53571664594693e-16 1.20264155283 0.32 0.051 5.07143329189386e-13
"DNAJC9" 2.79732827863484e-16 1.14864580935253 0.368 0.07 5.59465655726968e-13
"ACTG1" 3.60356295857066e-16 1.07456602469874 0.888 0.709 7.20712591714132e-13
"NUF2" 4.4406349567854e-16 1.03583547016076 0.16 0.002 8.8812699135708e-13
"MELK" 1.20670440656896e-15 1.33717265844302 0.176 0.007 2.41340881313792e-12
"LIG1" 1.71432924978995e-15 1.47163111526922 0.232 0.023 3.42865849957991e-12
"CCNB2" 1.78178383959287e-15 1.43124461606057 0.2 0.014 3.56356767918573e-12
"CCL5" 3.98732724555571e-15 -1.59552395408228 0.368 0.714 7.97465449111141e-12
"KIF22" 5.87600959580601e-15 1.10792049799795 0.312 0.053 1.1752019191612e-11
"SAC3D1" 6.61313205406357e-15 1.18966992679162 0.16 0.005 1.32262641081271e-11
"CD4" 1.20530038020058e-14 1.13828647261068 0.224 0.023 2.41060076040117e-11
"BARD1" 8.52416421711459e-13 1.30412762718667 0.216 0.028 1.70483284342292e-09
"CENPH" 1.22353206709856e-12 1.09147539191376 0.192 0.021 2.44706413419713e-09
"FBXO5" 3.23911530507297e-12 1.0621493545268 0.168 0.014 6.47823061014594e-09
"KIF11" 4.83360389271968e-12 1.24674802636449 0.2 0.026 9.66720778543937e-09
"KRT86" 1.15952774155287e-11 -2.07888847060324 0.168 0.491 2.31905548310574e-08
"CENPA" 2.88488084348941e-11 1.35693837911693 0.112 0.002 5.76976168697882e-08
"FOSL2" 5.31704055705843e-11 -1.51692395123728 0.464 0.649 1.06340811141169e-07
"CDKN2C" 7.9632435088931e-11 1.35454446729211 0.136 0.009 1.59264870177862e-07
"HNRNPD" 3.06152339469674e-10 1.02806459802069 0.528 0.219 6.12304678939349e-07
"BUB1B" 3.23911231778948e-10 1.01663438790138 0.144 0.014 6.47822463557896e-07
"SLC29A1" 4.27480337089376e-10 1.04269357540711 0.128 0.009 8.54960674178752e-07
"BASP1" 1.32525444431983e-09 1.25646581621733 0.152 0.019 2.65050888863965e-06
"CD8A" 1.9251610042578e-09 -1.28122859948527 0.36 0.607 3.85032200851559e-06
"ANP32E" 3.47296342143747e-08 1.09038964373172 0.352 0.126 6.94592684287494e-05
"NR4A1" 4.07835305310607e-08 1.01445659363532 0.304 0.098 8.15670610621214e-05
"SLC7A5" 3.34775045633732e-06 -1.18538007884532 0.4 0.567 0.00669550091267464
"IL2RA" 1.2298096019413e-05 1.05545767305911 0.176 0.053 0.0245961920388259
"CXCR6" 1.93525011320565e-05 -1.58546711593306 0.16 0.328 0.038705002264113
"AUTS2" 0.000880846278938994 -1.36098926341333 0.04 0.149 1
"ITGAE" 0.000977423812501859 -1.18709745168874 0.272 0.374 1
"KLRD1" 0.00174691747769619 -1.35027168231074 0.112 0.223 1
"GABARAPL1" 0.00188306871036111 -1.3884421329011 0.12 0.228 1
"TNFRSF9" 0.00198336637079924 -1.38243017031826 0.216 0.326 1
"PRF1" 0.00208160030340189 -1.08118614633312 0.208 0.319 1
"HTRA1" 0.00464140939354325 -1.24701259220028 0.072 0.17 1
"ADGRG1" 0.00478738542248665 -1.11178422996799 0.032 0.114 1
"CRTAM" 0.0130221811435627 -1.48049099174471 0.096 0.177 1
"CD63" 0.0136810569471258 -1.06276013140146 0.28 0.353 1
"CSF1" 0.021377434885359 -1.13857555612134 0.064 0.137 1
"ZNF683" 0.071244896941262 -1.03673009279947 0.12 0.172 1
