"p_val" "avg_log2FC" "pct.1" "pct.2" "p_val_adj"
"SCGB3A1" 8.78730781973123e-234 -1.02466924606625 0.928 0.046 1.75746156394625e-230
"EHD3" 7.82537954964688e-221 1.58721612614948 0.117 0.003 1.56507590992938e-217
"COQ10B" 5.70120398562574e-186 -1.0336322400904 0.985 0.08 1.14024079712515e-182
"C19orf38" 1.12355810916002e-185 1.24242210894976 0.152 0 2.24711621832004e-182
"ERCC5" 3.2821456670374e-182 -1.2082682964257 0.973 0.076 6.56429133407481e-179
"GADD45A" 1.49477342672757e-180 -1.00399881193212 0.985 0.085 2.98954685345514e-177
"FECH" 2.56745614952364e-178 1.01586548910226 0.14 0.011 5.13491229904729e-175
"PDE2A" 4.73944195408212e-177 1.02167574813443 0.155 0.001 9.47888390816425e-174
"IRF4" 1.44800427782833e-176 -1.18994846152378 0.996 0.094 2.89600855565666e-173
"NUP98" 8.62853110660725e-176 -1.29414476190449 1 0.097 1.72570622132145e-172
"VPS13C" 4.03364082161683e-169 -1.1156439537848 1 0.102 8.06728164323366e-166
"TXNDC9" 6.68127899065968e-161 1.20046820691191 0.17 0.009 1.33625579813194e-157
"PTP4A3" 1.0526657208363e-159 1.22393276651254 0.174 0.005 2.10533144167259e-156
"MYC" 7.47386519867221e-159 1.27721828543889 0.159 0.008 1.49477303973444e-155
"MARCKSL1" 1.09373677136025e-153 -1.16318586625009 1 0.115 2.1874735427205e-150
"TSC22D2" 2.16314294890222e-149 -1.03698115086368 0.985 0.109 4.32628589780444e-146
"PLIN2" 2.46240820755847e-144 -1.06652739708844 0.973 0.107 4.92481641511694e-141
"TGIF1" 1.79949356278233e-143 -1.0143483109584 0.996 0.122 3.59898712556467e-140
"ELL2" 1.38921219971769e-139 -1.22011618170382 0.951 0.097 2.77842439943537e-136
"APOL6" 3.3440857961136e-139 -1.356292323027 1 0.127 6.6881715922272e-136
"AREG" 5.52557458225321e-135 -1.38901256491905 0.936 0.091 1.10511491645064e-131
"PNPLA8" 2.62850227420866e-134 -1.11198175801807 0.958 0.107 5.25700454841732e-131
"KRTCAP2" 7.87139695050639e-124 1.14017854113027 0.208 0.016 1.57427939010128e-120
"GABARAPL1" 8.28314102565644e-124 -1.30440024682028 0.996 0.141 1.65662820513129e-120
"NME1" 2.10686407523528e-121 1.27920495904903 0.212 0.011 4.21372815047056e-118
"FABP5" 2.82889925913283e-118 -1.17221731866154 0.871 0.078 5.65779851826566e-115
"CDKN1A" 3.47969274642718e-118 -1.36149005552833 1 0.15 6.95938549285436e-115
"APMAP" 8.36839111019213e-114 -1.16286751271565 0.943 0.118 1.67367822203843e-110
"IVNS1ABP" 8.41473050641697e-114 -1.03272695717807 0.939 0.116 1.68294610128339e-110
"ALOX5AP" 3.94446863837551e-113 -1.37121386651662 1 0.155 7.88893727675103e-110
"EGR1" 1.88451528949911e-112 -1.2392754698027 0.905 0.096 3.76903057899821e-109
"POLM" 3.36912267832487e-110 1.16626837971976 0.792 0.021 6.73824535664975e-107
"SLC16A7" 2.25920302810891e-108 -1.28726298774725 1 0.16 4.51840605621783e-105
"GZMM" 2.69125005058263e-102 -1.6854712044375 0.977 0.154 5.38250010116526e-99
"RBM4" 1.96887282944806e-101 -1.18810064543577 0.939 0.13 3.93774565889613e-98
"PRF1" 5.66662869458752e-101 -1.54306130722602 0.996 0.167 1.1333257389175e-97
"MAFF" 6.61343191367254e-101 -1.54821733811801 0.936 0.127 1.32268638273451e-97
"TIGIT" 1.53536405974417e-97 -1.23350606825864 0.936 0.132 3.07072811948834e-94
"ITGA4" 1.6432967397587e-94 1.00505825693902 0.246 0.018 3.2865934795174e-91
"HSPA1B" 1.1144752352173e-93 -2.04675542094439 1 0.178 2.2289504704346e-90
"ERN1" 2.54745479926141e-91 -1.04421755580117 0.841 0.073 5.09490959852283e-88
"PAK1IP1" 4.14378675444589e-86 1.41070093155258 0.258 0.015 8.28757350889178e-83
"SP1" 8.53893853041445e-86 1.22142167888153 0.258 0.021 1.70778770608289e-82
"ITGB1" 2.26458011476086e-84 1.07612647888784 0.913 0.154 4.52916022952172e-81
"USP36" 8.947725990702e-82 -1.0951074154364 1 0.199 1.7895451981404e-78
"RAP2B" 1.88338503455809e-72 -1.10522222143818 0.867 0.12 3.76677006911618e-69
"FCER1G" 5.3219561754088e-71 1.82120069536152 0.242 0.003 1.06439123508176e-67
"CHSY1" 6.55702231043299e-67 1.07210472218878 0.28 0.02 1.3114044620866e-63
"IDI1" 2.22589700562104e-66 -1.71151771524684 1 0.221 4.45179401124208e-63
"ITM2A" 7.42311783485039e-58 -1.22543834076976 1 0.242 1.48462356697008e-54
"C9orf78" 2.10944262480785e-57 -1.33552087279166 0.867 0.146 4.2188852496157e-54
"TRAT1" 1.42670615596242e-52 -2.18615412232108 0.996 0.245 2.85341231192484e-49
"KLHL12" 1.34038107626829e-51 1.09835901906341 0.314 0.01 2.68076215253657e-48
"GSPT1" 6.93577524789401e-48 -1.13820940394538 0.977 0.249 1.3871550495788e-44
"SLC7A5" 2.54499564035268e-47 -1.43541524952705 1 0.264 5.08999128070536e-44
"JUN" 4.93471061820502e-46 -1.79628047222344 0.966 0.243 9.86942123641005e-43
"PCNA" 1.38085118127794e-43 1.03808422316023 0.326 0.084 2.76170236255589e-40
"CXCR6" 3.77975082656669e-42 1.15593712158573 0.731 0.073 7.55950165313339e-39
"AUTS2" 6.60123825304273e-42 -1.93990472050712 0.879 0.188 1.32024765060855e-38
"ESYT1" 7.46307884600461e-42 1.04819860159725 0.333 0.058 1.49261576920092e-38
"CLDND1" 2.9409345397782e-41 -1.3982416469178 0.92 0.225 5.88186907955639e-38
"LMNA" 3.84198071422655e-40 -1.48884550548791 1 0.28 7.68396142845309e-37
"IKZF2" 4.6629089693602e-38 1.2238373375172 0.33 0.019 9.3258179387204e-35
"S100A6" 2.72727913356476e-37 1.57518330810008 0.902 0.278 5.45455826712952e-34
"LTB" 2.49158735840697e-36 1.13298447481208 0.777 0.141 4.98317471681394e-33
"CD81" 7.67607589218714e-35 -2.01126801074033 1 0.291 1.53521517843743e-31
"CRTAM" 1.37801091512496e-34 -1.33513732344642 0.864 0.199 2.75602183024991e-31
"PIP4K2A" 3.71136466200819e-34 -1.00815798538347 0.898 0.229 7.42272932401637e-31
"TIPRL" 1.04408856792658e-32 1.127387942108 0.678 0.037 2.08817713585316e-29
"PIM1" 2.33365977565684e-32 1.38164619401986 0.356 0.06 4.66731955131368e-29
"GZMA" 1.49282432419798e-27 -1.35004578636187 0.973 0.304 2.98564864839596e-24
"LGALS1" 2.72609859372227e-27 1.27204651169205 0.371 0.04 5.45219718744455e-24
"TM9SF1" 8.57765278880016e-26 1.19039532193184 0.371 0.009 1.71553055776003e-22
"ANXA1" 6.04918386958438e-24 -2.06240494476729 1 0.329 1.20983677391688e-20
"RGCC" 4.99572313069874e-16 -2.42755750891316 1 0.673 9.99144626139747e-13
"ENC1" 5.17339684667281e-15 -1.65820825616272 0.78 0.206 1.03467936933456e-11
"DUSP4" 1.05212810757352e-14 -3.26167784296886 1 0.647 2.10425621514703e-11
"HSPH1" 1.30620877219119e-12 -1.47744449669064 0.996 0.385 2.61241754438237e-09
"CCDC50" 5.41923214932824e-12 1.01231717184024 0.417 0.005 1.08384642986565e-08
"STMN1" 1.23643719653341e-11 -1.0287983156568 0.644 0.078 2.47287439306682e-08
"SELL" 4.6083544478962e-11 1.02338525233562 0.436 0.078 9.21670889579241e-08
"ZFP36" 5.51179249436585e-11 -1.94219964723895 1 0.667 1.10235849887317e-07
"FOSB" 1.38313816005745e-10 -2.56953336609158 1 0.388 2.76627632011491e-07
"HHEX" 2.27928606950023e-07 1.10883371651193 0.186 0.001 0.000455857213900045
"PIK3R1" 3.10102174260042e-07 -1.33710504158595 0.996 0.434 0.000620204348520084
"BIRC3" 4.45118431108904e-06 -1.57648807676235 1 0.429 0.00890236862217807
"CD74" 2.82114446654991e-05 -1.87817878967524 1 0.585 0.0564228893309982
"MYADM" 7.85211912544368e-05 -2.28883920680218 1 0.433 0.157042382508874
"SLC7A4" 0.00017406078958852 1.10581080831068 0.545 0.001 0.348121579177039
"FOSL2" 0.000287181682230976 -1.44984246896636 1 0.45 0.574363364461952
"GZMK" 0.0108233143935431 -2.81162717883365 1 0.559 1
"CD8A" 0.0273311079868508 -1.33710226974348 0.758 0.429 1
"CRIP1" 0.047842379207855 1.4833763142709 0.485 0.021 1
"DNAJB1" 0.178378375090474 -2.21725217341115 1 0.545 1
"FGL2" 0.859391713994643 1.32191106233613 0.489 0.005 1
