"p_val" "avg_log2FC" "pct.1" "pct.2" "p_val_adj"
"PJA2" 1.06169151856153e-117 -1.15079506662522 0.991 0.103 2.12338303712307e-114
"HPGD" 3.98564123787696e-115 -1.69566946258108 0.986 0.108 7.97128247575393e-112
"CADM1" 2.56445600376198e-114 -1.09596472082276 0.839 0.068 5.12891200752396e-111
"GABARAPL1" 1.36558772961773e-111 -1.07002722166657 1 0.117 2.73117545923545e-108
"GEM" 5.91832948957974e-110 -1.1889165237538 1 0.119 1.18366589791595e-106
"VPS13C" 2.09072540999839e-102 -1.05230313699744 1 0.129 4.18145081999677e-99
"VOPP1" 1.19913526104712e-99 -1.14426837308531 1 0.133 2.39827052209424e-96
"IRF4" 1.55851091274415e-97 -1.24252423287232 0.991 0.13 3.1170218254883e-94
"MAGEH1" 8.23038700096742e-96 -1.68334700724841 0.991 0.135 1.64607740019348e-92
"APOL6" 1.64567290884773e-90 -1.542257591451 1 0.145 3.29134581769546e-87
"SP1" 1.25168876476718e-87 1.20445841457631 0.203 0.024 2.50337752953435e-84
"PNPLA8" 1.01344589794938e-85 -1.11350746226715 0.922 0.1 2.02689179589876e-82
"SLC7A5" 3.05260279391024e-85 -1.09667743119598 1 0.155 6.10520558782048e-82
"CRTAP" 3.1610762810969e-84 -1.2246512103419 0.922 0.104 6.32215256219379e-81
"CD83" 7.13714773414552e-83 -1.44973317853506 1 0.158 1.4274295468291e-79
"PLIN2" 6.67374061949949e-78 -1.35801595482208 0.991 0.161 1.3347481238999e-74
"TYMP" 5.16629821931482e-77 -1.07108509176676 0.935 0.124 1.03325964386296e-73
"VDR" 1.41672417393051e-76 -1.29797072008888 0.935 0.125 2.83344834786102e-73
"SF3B4" 1.64134229237605e-75 1.27484506518597 0.226 0.021 3.28268458475211e-72
"GADD45A" 1.44296028415424e-74 -1.7768322440096 0.995 0.169 2.88592056830848e-71
"IDI1" 2.08876362223956e-74 -1.32749643882828 1 0.173 4.17752724447911e-71
"HSPB1" 2.17368774626406e-70 -1.43157845642259 1 0.179 4.34737549252811e-67
"RPL12" 3.84197264960873e-68 -1.05447805999543 1 0.184 7.68394529921746e-65
"SNX9" 1.68246979702146e-65 -1.17278607593619 0.991 0.184 3.36493959404293e-62
"CDKN1A" 2.49129509572933e-63 -1.18147337366105 0.995 0.192 4.98259019145866e-60
"LPCAT2" 5.5324003123589e-62 1.20649001990682 0.124 0.001 1.10648006247178e-58
"SLC16A7" 6.20487197302457e-60 -1.16126246451888 1 0.201 1.24097439460491e-56
"KRTCAP2" 1.90467860859858e-59 1.43447218702445 0.258 0.021 3.80935721719716e-56
"RAB21" 1.10703365971929e-57 -1.17989635241621 0.94 0.167 2.21406731943858e-54
"TMEM176A" 1.3452339234563e-55 1.32121151612694 0.194 0.001 2.69046784691261e-52
"HSPA1B" 2.1540766498014e-55 -2.21376073958255 1 0.21 4.3081532996028e-52
"ITM2A" 4.05140360384494e-53 -1.40115489908917 1 0.217 8.10280720768988e-50
"ARL2BP" 4.89284697625051e-53 1.26538800125362 0.272 0.025 9.78569395250103e-50
"SNX3" 9.24287308510966e-51 1.31696679124247 0.272 0.056 1.84857461702193e-47
"SPTLC2" 4.50780523514163e-47 1.19864078306713 0.276 0.017 9.01561047028326e-44
"RYBP" 5.52350949782473e-43 -1.4754171185764 0.991 0.237 1.10470189956495e-39
"PMAIP1" 2.98956844370667e-41 -1.13256316827056 1 0.252 5.97913688741334e-38
"CCR2" 2.81348106459424e-39 1.48253234193164 0.29 0.009 5.62696212918848e-36
"PRDM1" 4.56534862586108e-38 -1.38932367925648 0.972 0.243 9.13069725172216e-35
"KDM4C" 1.21133112781033e-35 1.00717875958982 0.7 0.021 2.42266225562067e-32
"CCL5" 1.47139621624086e-35 1.1763063941232 0.728 0.049 2.94279243248172e-32
"FOSB" 2.80547786540335e-34 -1.3997300439716 1 0.268 5.6109557308067e-31
"TBC1D4" 2.00937921328539e-32 -1.04551846302165 0.912 0.217 4.01875842657078e-29
"BHLHE40" 3.71461075461253e-29 1.52608449148218 0.687 0.026 7.42922150922506e-26
"NCOA5" 3.56075637067715e-28 -1.05447753991801 0.714 0.055 7.12151274135431e-25
"TNFRSF9" 1.32735406021141e-25 -1.42918170529645 0.986 0.299 2.65470812042282e-22
"SETD7" 1.39530500145029e-25 -1.23489777952458 0.355 0.094 2.79061000290058e-22
"BATF" 2.10568883367553e-21 -1.76712648770197 0.977 0.305 4.21137766735106e-18
"LMNA" 9.35962500602285e-21 -1.26265289012383 1 0.325 1.87192500120457e-17
"ESYT1" 2.59509415271062e-18 1.24162046233796 0.378 0.069 5.19018830542124e-15
"S100A6" 7.07470604476867e-14 1.35644268935863 0.779 0.261 1.41494120895373e-10
"ATRN" 3.27726836269865e-09 1.19113148330737 0.369 0.008 6.55453672539731e-06
"DUSP4" 4.05885834948463e-09 -1.83987909131357 1 0.656 8.11771669896927e-06
"LTB" 6.33922367892219e-09 -1.2103198133535 0.664 0.516 1.26784473578444e-05
"FOXP3" 6.69007233104048e-08 -1.77592468522292 0.599 0.386 0.00013380144662081
"TIGIT" 8.86460252038496e-08 -1.6269118516642 0.959 0.378 0.000177292050407699
"BIRC3" 4.99039809783758e-07 -1.56026616700379 1 0.656 0.000998079619567517
"DNAJB1" 6.57814897759798e-07 -1.54310237435646 1 0.419 0.0013156297955196
"VAV3" 1.16766571945129e-06 -1.03665947786615 0.406 0.067 0.00233533143890257
"HSPH1" 5.11740893134338e-06 -1.7428594123027 1 0.422 0.0102348178626868
"BLK" 1.23595405048752e-05 1.08949892075656 0.456 0.003 0.0247190810097505
"SLC7A4" 7.73137470901337e-05 1.40268560574615 0.558 0 0.154627494180267
"GPR65" 0.000460165199147138 1.07246239255414 0.571 0.034 0.920330398294276
"FGL2" 0.00108255527279483 1.24029305595412 0.456 0.019 1
"PIM1" 0.0104506436816866 1.19125826415074 0.493 0.095 1
"RTKN2" 0.0282661932913835 -1.81515674018902 0.673 0.198 1
"CD27" 0.203089133137601 -1.10855873308047 0.59 0.204 1
"TMEM176B" 0.281455365881865 1.70924397237947 0.502 0.006 1
"SELL" 0.287033285789311 -1.32604408141202 0.659 0.292 1
"ZNF384" 0.409921804386102 1.14685146535983 0.512 0.017 1
"RGCC" 0.679150193765629 -1.14789490137018 1 0.542 1
"SPARC" 0.957387978345643 1.03933076035737 0.502 0.003 1
