"p_val" "avg_log2FC" "pct.1" "pct.2" "p_val_adj"
"IL7R" 7.26957528700085e-91 2.33210486921015 0.966 0.072 1.45391505740017e-87
"HTRA1" 4.63082645136328e-85 -1.8702566623056 0.106 0.17 9.26165290272655e-82
"EHD3" 1.02139074828024e-83 1.65044569585257 0.117 0.002 2.04278149656048e-80
"NUP98" 4.19815241096036e-78 -1.05911982424324 1 0.114 8.39630482192071e-75
"CCR2" 1.41192564293455e-75 1.00559763458417 0.117 0.007 2.82385128586909e-72
"COQ10B" 4.52404280020033e-75 -1.03055797168892 0.985 0.109 9.04808560040066e-72
"FOS" 1.3863410337356e-73 1.67522119613385 0.883 0.026 2.77268206747121e-70
"GALM" 2.04104462037793e-71 -1.06878127289528 0.989 0.121 4.08208924075587e-68
"C19orf38" 6.83957549987131e-70 1.24242210894976 0.152 0 1.36791509997426e-66
"FECH" 2.86447543115355e-69 1.02926828192315 0.14 0.023 5.7289508623071e-66
"IER5L" 8.25190910113201e-66 -1.06885564070292 0.905 0.107 1.6503818202264e-62
"DUSP4" 6.53601968096527e-64 -3.8080230839002 1 0.881 1.30720393619305e-60
"TXNDC9" 1.90164909709875e-62 1.09996274193122 0.17 0.021 3.80329819419751e-59
"CDKN1A" 1.91597831639853e-62 -1.09867219340951 1 0.153 3.83195663279706e-59
"PTP4A3" 2.76109132453237e-61 1.2535672273962 0.174 0.005 5.52218264906473e-58
"MYC" 3.11591065647337e-61 1.39939067858473 0.159 0.002 6.23182131294673e-58
"SLC1A4" 5.96219768983466e-60 -1.81282291706582 0.992 0.156 1.19243953796693e-56
"MTHFD1" 9.36654681743408e-57 -1.27108802008242 0.939 0.121 1.87330936348682e-53
"SNX3" 5.12821862357821e-54 1.06657948614187 0.193 0.051 1.02564372471564e-50
"AREG" 5.18518121096884e-54 -1.48333322423044 0.936 0.123 1.03703624219377e-50
"ZNF683" 1.92917879161924e-50 -1.65346819420613 0.97 0.172 3.85835758323847e-47
"CD83" 1.02412619895601e-49 -1.76122591136103 1 0.188 2.04825239791201e-46
"APOL6" 1.20369459521555e-49 -1.44802712388322 1 0.188 2.4073891904311e-46
"KRTCAP2" 1.67744400366013e-49 1.1733715157459 0.208 0.023 3.35488800732026e-46
"TGIF1" 8.0589648339493e-48 -1.28270132135331 0.996 0.193 1.61179296678986e-44
"NME1" 9.3309365777235e-48 1.20501331704178 0.212 0.023 1.8661873155447e-44
"IDI1" 1.22894200058823e-47 -1.11527457147043 1 0.195 2.45788400117646e-44
"RBM4" 3.49139309745396e-45 -1.01932431808537 0.939 0.156 6.98278619490792e-42
"POLM" 2.76504980714526e-44 1.31005265450574 0.792 0.023 5.53009961429051e-41
"IRF4" 3.96307817342513e-42 -1.60684982767714 0.996 0.209 7.92615634685026e-39
"SLC16A7" 1.48898275296837e-41 -1.1907842637692 1 0.214 2.97796550593674e-38
"SCX" 5.55536590823436e-41 -2.14912104741106 0.784 0.142 1.11107318164687e-37
"PLP2" 6.45929711102031e-40 1.19778875079244 0.852 0.107 1.29185942220406e-36
"ADGRG1" 1.0122038169725e-39 -1.31433672314398 0.705 0.114 2.02440763394501e-36
"FABP5" 2.30139089417936e-39 -1.18180473987489 0.871 0.133 4.60278178835871e-36
"VDR" 3.16476697529449e-39 -1.47489551228417 0.883 0.13 6.32953395058899e-36
"AFAP1" 9.88296856942768e-39 -1.00882285571685 0.223 0.056 1.97659371388554e-35
"PIM3" 1.39643362647394e-38 -1.25344253458009 1 0.228 2.79286725294788e-35
"GABARAPL1" 5.80705081048271e-37 -1.5911966396982 0.996 0.228 1.16141016209654e-33
"SP1" 7.34351262254603e-36 1.01038695580728 0.258 0.051 1.46870252450921e-32
"PRKACB" 1.14409216696654e-35 1.27324219308872 0.258 0.091 2.28818433393309e-32
"COL6A3" 2.22683758492522e-35 -1.44662829732705 0.811 0.128 4.45367516985045e-32
"CD81" 5.37505064483596e-35 -1.41719472741769 1 0.237 1.07501012896719e-31
"PAK1IP1" 1.93622661615161e-34 1.78806654599213 0.258 0.007 3.87245323230322e-31
"IVNS1ABP" 6.75843972169198e-34 -1.42220187839486 0.939 0.198 1.3516879443384e-30
"AUTS2" 7.77318299454607e-33 -1.37187649187715 0.879 0.149 1.55463659890921e-29
"CCDC107" 3.15633502629241e-31 -1.27601974989526 0.83 0.109 6.31267005258481e-28
"CXCL13" 3.60664235079457e-31 -2.43940021033507 0.973 0.24 7.21328470158914e-28
"MAFF" 6.94940651236131e-31 -1.84566140501368 0.936 0.205 1.38988130247226e-27
"HSPA1B" 6.78736974832235e-29 -2.9339061850908 1 0.26 1.35747394966447e-25
"SNX9" 1.2053019282281e-28 -2.19287583807591 0.973 0.244 2.41060385645621e-25
"TNS3" 5.30825546420329e-28 -1.45009330517172 0.807 0.13 1.06165109284066e-24
"FCER1G" 5.586074232987e-27 1.82289865308449 0.242 0.007 1.1172148465974e-23
"RGS1" 7.5226832269355e-27 -1.30033803916613 1 0.853 1.5045366453871e-23
"GEM" 1.27677152832834e-26 -1.97063398489018 0.992 0.27 2.55354305665668e-23
"CCR7" 9.02284597615559e-25 1.27109251200229 0.723 0.028 1.80456919523112e-21
"CRTAM" 9.30620876757906e-25 -1.02197676503189 0.864 0.177 1.86124175351581e-21
"C9orf78" 1.55680344263729e-24 -1.17108238386733 0.867 0.179 3.11360688527457e-21
"DUSP2" 1.87579816278608e-24 1.8429250940096 0.924 0.333 3.75159632557216e-21
"RGS2" 1.50394932638472e-23 -2.00562830191952 0.867 0.751 3.00789865276944e-20
"ASB2" 6.04599338728412e-23 -2.0802420326839 0.898 0.235 1.20919867745682e-19
"FKBP4" 2.6106351776355e-22 -1.18327159305925 0.356 0.184 5.22127035527099e-19
"ERGIC3" 4.408974626865e-22 1.22957030345619 0.758 0.086 8.81794925373e-19
"LTB" 5.19723504414664e-22 1.266843459661 0.777 0.133 1.03944700882933e-18
"GZMA" 1.40868819675189e-21 -1.12957183142952 0.973 0.286 2.81737639350379e-18
"PRDM1" 3.34794369345511e-21 -2.06255555924429 0.981 0.286 6.69588738691023e-18
"KLHL12" 4.42030783279606e-21 1.10611460408374 0.314 0.016 8.84061566559212e-18
"IKZF2" 7.22376076307557e-17 1.09544729371623 0.33 0.044 1.44475215261511e-13
"PRF1" 7.68504113456666e-17 -2.20310155974057 0.996 0.319 1.53700822691333e-13
"PDLIM4" 8.27488431439654e-17 -1.45988027336299 0.152 0.128 1.65497686287931e-13
"HSPB1" 1.06172328566193e-16 -2.37646312333334 1 0.321 2.12344657132386e-13
"TNFRSF9" 3.33436941422146e-15 -2.49822881715335 0.992 0.326 6.66873882844293e-12
"KRT81" 1.04363779496236e-14 -1.1493589577152 0.333 0.077 2.08727558992472e-11
"S100A6" 4.68555784817946e-14 1.62590947541068 0.902 0.377 9.37111569635892e-11
"AHI1" 3.41048146914377e-13 -1.90294671112286 0.746 0.174 6.82096293828754e-10
"RGCC" 4.11444655570285e-12 -2.08654736234771 1 0.679 8.2288931114057e-09
"CD8A" 6.26886638151283e-12 -1.59883955424402 0.758 0.607 1.25377327630257e-08
"ITM2A" 9.44545665532213e-12 -1.68088653972262 1 0.363 1.88909133106443e-08
"CD63" 1.55344787286829e-11 -2.56037853090881 1 0.353 3.10689574573658e-08
"CTLA4" 3.51464471599653e-11 -2.08432019692584 0.92 0.305 7.02928943199306e-08
"ALOX5AP" 3.81847966758602e-11 -2.16406208933799 1 0.358 7.63695933517203e-08
"LIMS1" 5.01222739632258e-11 -1.15589826005272 0.803 0.212 1.00244547926452e-07
"TM9SF1" 8.75642857722531e-11 1.28017665893807 0.371 0.009 1.75128571544506e-07
"HAVCR2" 9.37949351751438e-11 -2.27754890424402 0.614 0.223 1.87589870350288e-07
"DNAJB1" 2.93633589296569e-10 -1.41945698609276 1 0.379 5.87267178593139e-07
"FOSL2" 2.1797731091253e-08 -1.99202987354812 1 0.649 4.3595462182506e-05
"CD74" 2.73581801537315e-07 -1.73581627956583 1 0.623 0.000547163603074631
"HSPH1" 8.97287883321492e-05 -1.35349242553832 0.996 0.433 0.179457576664298
"TIGIT" 0.000163544492979483 -2.3916942930465 0.936 0.381 0.327088985958967
"SELL" 0.000276141200948423 1.91902017603165 0.436 0.028 0.552282401896847
"TNFRSF1B" 0.000306234510421512 -1.63432380401737 1 0.44 0.612469020843024
"ZFP36" 0.000552776505568338 -1.34969167502576 1 0.635 1
"SRGN" 0.000587540344073956 1.65908045801278 1 0.842 1
"DBI" 0.000902736917146571 -1.22854419278204 0.716 0.212 1
"EIF4EBP2" 0.00277575896763767 -1.21662107845919 0.674 0.17 1
"HHEX" 0.00353965408267579 1.16318910787582 0.186 0 1
"STMN1" 0.00434308128324394 -1.50290060032747 0.644 0.133 1
"SLC7A5" 0.020699700684171 -2.5286409482948 1 0.567 1
"KCNK5" 0.0223283938056755 -1.08236981545293 0.375 0.065 1
"CSF1" 0.0292810017687255 -1.8169518482566 0.394 0.137 1
"JUN" 0.0755844551429365 -2.97444079036752 0.966 0.533 1
"CHST12" 0.14432192472143 -1.59852568565098 0.682 0.226 1
"CRIP1" 0.1620576053348 1.51201023774681 0.485 0.03 1
"AKAP5" 0.164296147845689 -1.98633745720169 0.489 0.181 1
"ITGAE" 0.264850084546175 -1.88603279318161 0.826 0.374 1
"RBPJ" 0.381896607188072 -1.60550348827627 0.996 0.5 1
"POU2F2" 0.446844583701809 -1.121117410998 0.602 0.147 1
"VCAM1" 0.492028368242574 -1.39797567362743 0.155 0.116 1
"KLF2" 0.651626306295741 1.67979907172404 0.508 0.042 1
"MYO7A" 0.729756219071561 -2.44197707102743 0.545 0.263 1
"FGL2" 0.754669864639271 1.19286292372681 0.489 0.014 1
"BIRC3" 0.828871554963407 -1.72780090985512 1 0.512 1
"KRT86" 0.918495614728816 -3.74198286888566 0.955 0.491 1
"SOX4" 0.979161679105364 -1.13662751164371 0.508 0.095 1
